8
23
14
6
0
30
23
18
16
6
1
3
21
8
9
3
1
14
10
16
1
17
22
1
21
5
6
15
4
3
7
16
19
19
3
2
1
13
18
7
22
8
32
13
16
4
12
27
27
4
1
8
29
0
4
19
9
28
22
12
3
10
8
10
3
2
6
9
6
12
25
30
23
37
8
11
29
2
12
23
3
2
10
1
6
20
2
7
14
24
0
18
25
8
5
23
31
19
25
7
14
7
27
23
8
12
5
2
4
20
3
19
1
26
5
23
35
2
2
21
25
6
23
20
6
14
5
19
21
15
7
24
14
3
28
2
2
28
1
2
30
18
2
8
16
28
11
28
11
8
9
12
19
6
11
7
5
30
31
17
21
9
0
4
26
20
8
2
9
13
0
17
1
35
13
6
24
24
36
1
18
2
6
2
13
27
27
31
15
19
11
4
24
4
25
12
23
4
12
4
