200
89 148
1 93
97 193
149 181
150 153
1 147
12 121
16 96
37 107
71 99
73 77
101 123
53 177
78 134
81 139
29 38
162 166
1 49
83 156
83 196
45 47
41 131
31 150
176 185
1 81
57 77
82 125
63 159
65 81
137 155
65 97
55 156
62 184
41 141
81 102
135 141
51 53
53 115
43 141
151 199
4 101
1 25
9 181
89 175
17 81
109 139
1 41
33 195
23 169
46 61
120 133
73 121
21 180
131 133
66 82
16 101
41 76
23 176
4 97
39 93
51 61
36 73
101 159
89 161
111 145
149 161
81 117
118 188
153 196
58 121
34 173
1 141
8 118
1 193
93 150
76 149
24 193
105 123
41 92
17 127
71 79
75 85
77 146
76 80
85 134
53 172
17 21
33 61
84 191
29 161
85 87
45 156
32 175
133 187
97 127
8 111
21 197
57 170
45 197
126 169
1 51
123 169
1 121
25 151
86 147
25 76
161 193
191 200
141 171
25 132
81 101
40 147
143 156
17 152
107 146
5 103
6 199
56 64
41 46
37 149
17 145
145 189
21 145
12 101
143 185
81 175
61 81
57 171
14 108
55 141
77 113
7 119
65 151
163 177
1 134
129 145
57 63
14 163
106 107
192 200
1 143
23 104
32 41
94 151
16 81
25 181
19 61
33 197
36 82
18 48
125 180
71 144
69 196
117 164
66 129
3 26
22 41
1 142
1 149
60 163
19 123
10 44
113 113
61 77
25 170
61 191
44 79
171 191
115 186
97 185
101 101
53 151
145 153
1 173
69 151
81 121
21 152
26 157
1 189
113 134
33 135
72 81
21 43
193 197
3 49
13 153
1 120
17 186
76 175
61 176
91 169
25 41
19 145
113 153
21 160
1 41
41 169
125 153
93 173
69 86
